3222ad30
a84bac8b
2f9a1e2b
afb3ab77
b1cfb115
9ce8b092
b1cbb3fc
21deb213
33072cef
2cc630c3
22ec2d81
33afb1a6
30ff3203
32a3aa45
26482e60
304c2951
a81d31a6
2cebaaf2
325fa595
b1a4abfb
2fcb9dd0
2deeb336
0b773161
b0dbb1af
3341aa87
2f9eaecd
b099b08a
ac0c2f7d
ada12e88
30edaed6
afc8a995
2ebc2d7e
309d3250
3127b349
1c50301f
2de2b292
b3a21a11
b10899dd
3023b05c
b0d8af4e
30333381
b302a779
30f53346
b21632c4
aae7aebf
ac3db223
234e31bf
2d162742
953b2fde
b3f7a3d4
b1dca9a4
a6242cdf
a92eb19f
29ac2e2a
b248b143
2c78ae23
33612ac4
b08928f9
2cb2ae46
31a23073
33a33353
258b2cb2
b065b1bc
aa0d1d5b
acbeb0ee
3150ae41
ae01b1ce
b1eeaca2
3161b3c5
9fa63001
332eabc2
3105ad6c
a9432dbe
29372a1f
2fe63063
a9dfae50
b0923139
b359aea0
b0b7b1a0
23322dc3
b017238b
32e53264
b07eafee
b226ac92
b12033ab
33b6b1bf
a6ba302f
ac8ab3f9
2a47a262
ad63a866
319820f5
27fe3047
ab09af2f
2e0cb13e
31a22d93
b229ac94
aac731ad
33ab31c8
2f4fb13a
2dc82ece
20a7b278
2b423346
3219b320
b25fb1f1
2d2731d6
ad7bb01f
1f53b197
b14021ce
b2b131f2
2945ad23
312bb1b6
afb4ab44
b2e6b245
aa21a985
ad59309c
2fa22ed2
b24eb20e
33f5b183
b243a59b
b37ab212
2b79b07e
a83e2e0e
b2272857
b1aca6c8
25ae320a
a93a3235
324bb1a2
311b3088
a5a0113b
2ddf280f
1f57b3eb
32c833ac
ac2db1c3
afb83011
2ea3b07a
b0d9b36e
3285b2b7
b2bbb10d
a4a92c30
29762e12
32d530af
330bb201
32852a60
304cac5d
22703367
2f5f2ed4
2e7e3237
ae2e32a6
31d51ca4
a87827c1
a12f2c56
31cb2950
b3a22e1b
b0f0a665
30efafb9
2d202522
b3712f1a
33b8303b
a9e7aa10
b204b03e
a3b43363
30952ac0
2fe2aa7d
2eb22d8c
2bd531a8
af98b2b7
2d27a51b
323cb180
32aab32a
aff6b3d3
2f8cac2c
31439a85
b2233102
29e2b0dd
302c2d5c
33512f78
2e402e95
2d0ab12e
2b44b17a
2ca8a795
ae2130e2
b1f0afeb
32bc1925
288d2887
b0d92e4f
24fbae20
2c52b37c
b074b35f
b12eae7b
3132b18f
32b83108
332432c6
b130ac86
30afb003
af78b232
addeb3f3
2f54ace4
a6d12d0e
b080b039
2e16328b
3123b3fc
30bbac37
2c1bb0fe
31acadde
2d52b23e
b1332f43
3133ada1
9b3e2d92
ae0e2af3
a82a25d0
9ca1a798
b10433a5
1f9d1d28
2c1530ff
330cb26f
b044b097
b0deacbe
316a2df9
b3ceb091
2a5a2c78
ab922dcb
b0a4a193
b05ab09d
30fe306f
aec722b1
b0023027
326d2d87
307daa03
2bf3b18c
30692291
2c9ca8e9
30c9a1dd
1eab2999
2468b3be
acb3332a
2f6432c9
33993372
ae829a8f
b1072cf7
2e02b202
b239a401
b0cb313e
33043225
b351301a
33493303
29353115
b1ada82a
b1092e38
adfaa483
32213130
2d52afa0
aeb62efd
1c7aae54
2badb0cc
b1a1b2af
2b2cb083
00000000
00000001
00000001
00000000
00000001
00000000
00000001
00000000
00000001
00000000
00000001
00000000
00000001
00000000
00000001
00000000
00000000
00000000
00000001
00000001
00000002
00000002
00000003
00000003
00000004
00000004
00000005
00000005
00000006
00000006
00000007
00000007
00000000
00000010
00000020
00000000
00000000
00000000
00000000
00000000
00000000
00000000
00000000
00000000
00000000
00000000
00000000
00000000
00000000
00000000
00000000
00000000
00000000
00000000
00000000
00000000
00000000
00000000
00000000
00000000
00000000
00000000
00000000
00000000
00000000
00000000
00000000
00000000
00000000
00000000
00000000
00000000
00000000
00000000
00000000
00000000
00000000
00000000
00000000
00000000
00000000
00000000
00000000
00000000
00000000
00000000
00000000
00000000
00000000
00000000
00000000
00000000
00000000
00000000
00000000
00000000
00000000
00000000
00000000
00000000
00000000
00000000
00000000
00000000
00000000
00000000
00000000
00000000
00000000
00000000
00000000
00000000
00000000
00000000
00000000
00000000
00000000
00000000
00000000
00000000
00000000
00000000
00000000
00000000
00000000
00000000
00000000
00000000
00000000
00000000
00000000
00000000
00000000
00000000
00000000
00000000
00000000
00000000
00000000
00000000
00000000
00000000
00000000
00000000
00000000
00000000
00000000
00000000
00000000
00000000
00000000
00000000
00000000
00000000
00000000
00000000
00000000
00000000
00000000
00000000
00000000
00000000
00000000
00000000
00000000
00000000
00000000
00000000
00000000
00000000
00000000
00000000
00000000
00000000
00000000
00000000
00000000
00000000
00000000
00000000
00000000
00000000
00000000
00000000
00000000
00000000
00000000
00000000
00000000
00000000
00000000
00000000
00000000
00000000
00000000
00000000
00000000
00000000
00000000
00000000
00000000
00000000
00000000
00000000
00000000
00000000
00000000
00000000
00000000
00000000
00000000
00000000
00000000
00000000
00000000
00000000
00000000
00000000
00000000
00000000
00000000
00000000
00000000
00000000
00000000
00000000
00000000
00000000
00000000
00000000
00000000
00000000
00000000
00000000
00000000
00000000
00000000
00000000
00000000
00000000
00000000
00000000
00000000
00000000
00000000
00000000
00000000
00000000
00000000
00000000
00000000
00000000
00000000
00000000
00000000
00000000
00000000
00000000
00000000
00000000
00000000
00000000
00000000
00000000
00000000
00000000
00000000
00000000
00000000
00000000
00000000
00000000
00000000
00000000
00000000
00000000
00000000
00000000
00000000
00000000
00000000
00000000
00000000
00000000
00000000
00000000
00000000
00000000
00000000
00000000
00000000
00000000
00000000
00000000
00000000
00000000
00000000
00000000
00000000
00000000
00000000
00000000
00000000
00000000
00000000
00000000
00000000
00000000
00000000
00000000
00000000
00000000
00000000
00000000
00000000
00000000
00000000
00000000
00000000
00000000
00000000
00000000
00000000
00000000
00000000
00000000
00000000
00000000
00000000
00000000
00000000
00000000
00000000
00000000
00000000
00000000
00000000
00000000
00000000
00000000
00000000
00000000
00000000
00000000
00000000
00000000
00000000
00000000
00000000
00000000
00000000
00000000
00000000
00000000
00000000
00000000
00000000
00000000
00000000
00000000
00000000
00000000
00000000
00000000
00000000
00000000
00000000
00000000
00000000
00000000
00000000
00000000
00000000
00000000
00000000
00000000
00000000
00000000
00000000
00000000
00000000
00000000
00000000
00000000
00000000
00000000
00000000
00000000
00000000
00000000
00000000
00000000
00000000
00000000
00000000
00000000
00000000
00000000
00000000
00000000
00000000
00000000
00000000
00000000
00000000
00000000
00000000
00000000
00000000
00000000
00000000
00000000
00000000
00000000
00000000
00000000
00000000
00000000
00000000
00000000
00000000
00000000
00000000
00000000
00000000
00000000
00000000
00000000
00000000
00000000
00000000
00000000
00000000
00000000
00000000
00000000
00000000
00000000
00000000
00000000
00000000
00000000
00000000
00000000
00000000
00000000
00000000
00000000
00000000
00000000
00000000
00000000
00000000
00000000
00000000
00000000
00000000
00000000
00000000
00000000
00000000
00000000
00000000
00000000
00000000
00000000
00000000
00000000
00000000
00000000
00000000
00000000
00000000
00000000
00000000
00000000
00000000
00000000
00000000
00000000
00000000
00000000
00000000
00000000
00000000
00000000
00000000
00000000
00000000
00000000
00000000
00000000
00000000
00000000
00000000
00000000
00000000
00000000
00000000
00000000
00000000
00000000
00000000
00000000
00000000
00000000
00000000
00000000
00000000
00000000
00000000
00000000
00000000
00000000
00000000
00000000
00000000
00000000
00000000
00000000
00000000
00000000
00000000
00000000
00000000
00000000
00000000
00000000
00000000
00000000
00000000
00000000
00000000
00000000
00000000
00000000
00000000
00000000
00000000
00000000
00000000
00000000
00000000
00000000
00000000
00000000
00000000
ffffffff
ffffffff
ffffffff
ffffffff
ffffffff
ffffffff
ffffffff
ffffffff
ffffffff
ffffffff
ffffffff
ffffffff
ffffffff
ffffffff
ffffffff
ffffffff
ffffffff
ffffffff
ffffffff
ffffffff
ffffffff
ffffffff
ffffffff
ffffffff
ffffffff
ffffffff
ffffffff
ffffffff
ffffffff
ffffffff
ffffffff
ffffffff
3222ad30
a84bac8b
2f9a1e2b
afb3ab77
b1cfb115
9ce8b092
b1cbb3fc
21deb213
33072cef
2cc630c3
22ec2d81
33afb1a6
30ff3203
32a3aa45
26482e60
304c2951
a81d31a6
2cebaaf2
325fa595
b1a4abfb
2fcb9dd0
2deeb336
0b773161
b0dbb1af
3341aa87
2f9eaecd
b099b08a
ac0c2f7d
ada12e88
30edaed6
afc8a995
2ebc2d7e
309d3250
3127b349
1c50301f
2de2b292
b3a21a11
b10899dd
3023b05c
b0d8af4e
30333381
b302a779
30f53346
b21632c4
aae7aebf
ac3db223
234e31bf
2d162742
953b2fde
b3f7a3d4
b1dca9a4
a6242cdf
a92eb19f
29ac2e2a
b248b143
2c78ae23
33612ac4
b08928f9
2cb2ae46
31a23073
33a33353
258b2cb2
b065b1bc
aa0d1d5b
acbeb0ee
3150ae41
ae01b1ce
b1eeaca2
3161b3c5
9fa63001
332eabc2
3105ad6c
a9432dbe
29372a1f
2fe63063
a9dfae50
b0923139
b359aea0
b0b7b1a0
23322dc3
b017238b
32e53264
b07eafee
b226ac92
b12033ab
33b6b1bf
a6ba302f
ac8ab3f9
2a47a262
ad63a866
319820f5
27fe3047
ab09af2f
2e0cb13e
31a22d93
b229ac94
aac731ad
33ab31c8
2f4fb13a
2dc82ece
20a7b278
2b423346
3219b320
b25fb1f1
2d2731d6
ad7bb01f
1f53b197
b14021ce
b2b131f2
2945ad23
312bb1b6
afb4ab44
b2e6b245
aa21a985
ad59309c
2fa22ed2
b24eb20e
33f5b183
b243a59b
b37ab212
2b79b07e
a83e2e0e
b2272857
b1aca6c8
25ae320a
a93a3235
324bb1a2
311b3088
a5a0113b
2ddf280f
1f57b3eb
32c833ac
ac2db1c3
afb83011
2ea3b07a
b0d9b36e
3285b2b7
b2bbb10d
a4a92c30
29762e12
32d530af
330bb201
32852a60
304cac5d
22703367
2f5f2ed4
2e7e3237
ae2e32a6
31d51ca4
a87827c1
a12f2c56
31cb2950
b3a22e1b
b0f0a665
30efafb9
2d202522
b3712f1a
33b8303b
a9e7aa10
b204b03e
a3b43363
30952ac0
2fe2aa7d
2eb22d8c
2bd531a8
af98b2b7
2d27a51b
323cb180
32aab32a
aff6b3d3
2f8cac2c
31439a85
b2233102
29e2b0dd
302c2d5c
33512f78
2e402e95
2d0ab12e
2b44b17a
2ca8a795
ae2130e2
b1f0afeb
32bc1925
288d2887
b0d92e4f
24fbae20
2c52b37c
b074b35f
b12eae7b
3132b18f
32b83108
332432c6
b130ac86
30afb003
af78b232
addeb3f3
2f54ace4
a6d12d0e
b080b039
2e16328b
3123b3fc
30bbac37
2c1bb0fe
31acadde
2d52b23e
b1332f43
3133ada1
9b3e2d92
ae0e2af3
a82a25d0
9ca1a798
b10433a5
1f9d1d28
2c1530ff
330cb26f
b044b097
b0deacbe
316a2df9
b3ceb091
2a5a2c78
ab922dcb
b0a4a193
b05ab09d
30fe306f
aec722b1
b0023027
326d2d87
307daa03
2bf3b18c
30692291
2c9ca8e9
30c9a1dd
1eab2999
2468b3be
acb3332a
2f6432c9
33993372
ae829a8f
b1072cf7
2e02b202
b239a401
b0cb313e
33043225
b351301a
33493303
29353115
b1ada82a
b1092e38
adfaa483
32213130
2d52afa0
aeb62efd
1c7aae54
2badb0cc
b1a1b2af
2b2cb083
00000000
00000001
00000001
00000000
00000001
00000000
00000001
00000000
00000001
00000000
00000001
00000000
00000001
00000000
00000001
00000000
00000000
00000000
00000001
00000001
00000002
00000002
00000003
00000003
00000004
00000004
00000005
00000005
00000006
00000006
00000007
00000007
00000000
00000010
00000020
00000000
00000000
00000000
00000000
00000000
00000000
00000000
00000000
00000000
00000000
00000000
00000000
00000000
00000000
00000000
00000000
00000000
00000000
00000000
00000000
00000000
00000000
00000000
00000000
00000000
00000000
00000000
00000000
00000000
00000000
00000000
00000000
00000000
00000000
00000000
00000000
00000000
00000000
00000000
00000000
00000000
00000000
00000000
00000000
00000000
00000000
00000000
00000000
00000000
00000000
00000000
00000000
00000000
00000000
00000000
00000000
00000000
00000000
00000000
00000000
00000000
00000000
00000000
00000000
00000000
00000000
00000000
00000000
00000000
00000000
00000000
00000000
00000000
00000000
00000000
00000000
00000000
00000000
00000000
00000000
00000000
00000000
00000000
00000000
00000000
00000000
00000000
00000000
00000000
00000000
00000000
00000000
00000000
00000000
00000000
00000000
00000000
00000000
00000000
00000000
00000000
00000000
00000000
00000000
00000000
00000000
00000000
00000000
00000000
00000000
00000000
00000000
00000000
00000000
00000000
00000000
00000000
00000000
00000000
00000000
00000000
00000000
00000000
00000000
00000000
00000000
00000000
00000000
00000000
00000000
00000000
00000000
00000000
00000000
00000000
00000000
00000000
00000000
00000000
00000000
00000000
00000000
00000000
00000000
00000000
00000000
00000000
00000000
00000000
00000000
00000000
00000000
00000000
00000000
00000000
00000000
00000000
00000000
00000000
00000000
00000000
00000000
00000000
00000000
00000000
00000000
00000000
00000000
00000000
00000000
00000000
00000000
00000000
00000000
00000000
00000000
00000000
00000000
00000000
00000000
00000000
00000000
00000000
00000000
00000000
00000000
00000000
00000000
00000000
00000000
00000000
00000000
00000000
00000000
00000000
00000000
00000000
00000000
00000000
00000000
00000000
00000000
00000000
00000000
00000000
00000000
00000000
00000000
00000000
00000000
00000000
00000000
00000000
00000000
00000000
00000000
00000000
00000000
00000000
00000000
00000000
00000000
00000000
00000000
00000000
00000000
00000000
00000000
00000000
00000000
00000000
00000000
00000000
00000000
00000000
00000000
00000000
00000000
00000000
00000000
00000000
00000000
00000000
00000000
00000000
00000000
00000000
00000000
00000000
00000000
00000000
00000000
00000000
00000000
00000000
00000000
00000000
00000000
00000000
00000000
00000000
00000000
00000000
00000000
00000000
00000000
00000000
00000000
00000000
00000000
00000000
00000000
00000000
00000000
00000000
00000000
00000000
00000000
00000000
00000000
00000000
00000000
00000000
00000000
00000000
00000000
00000000
00000000
00000000
00000000
00000000
00000000
00000000
00000000
00000000
00000000
00000000
00000000
00000000
00000000
00000000
00000000
00000000
00000000
00000000
00000000
00000000
00000000
00000000
00000000
00000000
00000000
00000000
00000000
00000000
00000000
00000000
00000000
00000000
00000000
00000000
00000000
00000000
00000000
00000000
00000000
00000000
00000000
00000000
00000000
00000000
00000000
00000000
00000000
00000000
00000000
00000000
00000000
00000000
00000000
00000000
00000000
00000000
00000000
00000000
00000000
00000000
00000000
00000000
00000000
00000000
00000000
00000000
00000000
00000000
00000000
00000000
00000000
00000000
00000000
00000000
00000000
00000000
00000000
00000000
00000000
00000000
00000000
00000000
00000000
00000000
00000000
00000000
00000000
00000000
00000000
00000000
00000000
00000000
00000000
00000000
00000000
00000000
00000000
00000000
00000000
00000000
00000000
00000000
00000000
00000000
00000000
00000000
00000000
00000000
00000000
00000000
00000000
00000000
00000000
00000000
00000000
00000000
00000000
00000000
00000000
00000000
00000000
00000000
00000000
00000000
00000000
00000000
00000000
00000000
00000000
00000000
00000000
00000000
00000000
00000000
00000000
00000000
00000000
00000000
00000000
00000000
00000000
00000000
00000000
00000000
00000000
00000000
00000000
00000000
00000000
00000000
00000000
00000000
00000000
00000000
00000000
00000000
00000000
00000000
00000000
00000000
00000000
00000000
00000000
00000000
00000000
00000000
00000000
00000000
00000000
00000000
00000000
00000000
00000000
00000000
00000000
00000000
00000000
00000000
00000000
00000000
00000000
00000000
00000000
00000000
00000000
00000000
00000000
00000000
00000000
00000000
00000000
00000000
00000000
00000000
00000000
00000000
00000000
00000000
00000000
00000000
00000000
00000000
00000000
00000000
00000000
00000000
00000000
00000000
00000000
00000000
00000000
00000000
00000000
00000000
00000000
00000000
00000000
00000000
00000000
00000000
00000000
00000000
00000000
00000000
00000000
ffffffff
ffffffff
ffffffff
ffffffff
ffffffff
ffffffff
ffffffff
ffffffff
ffffffff
ffffffff
ffffffff
ffffffff
ffffffff
ffffffff
ffffffff
ffffffff
ffffffff
ffffffff
ffffffff
ffffffff
ffffffff
ffffffff
ffffffff
ffffffff
ffffffff
ffffffff
ffffffff
ffffffff
ffffffff
ffffffff
ffffffff
ffffffff
90000000
90001000
90002000
90003000
00000010
00000010
00000002
90004000
90005000
00004197
80818193
02000e93
0d0efed7
00002eb7
300eaef3
00000e93
80502373
806023f3
40000e13
03c30333
00730133
00000213
80102f73
40000e13
03cf0f33
01e38433
00003517
fc450513
00003617
fbc60613
00c50863
00052023
00450513
fec56ce3
803022f3
0002a303
0042a503
0302a383
0342ae03
00003e97
f88e8e93
00003f17
f84f0f13
007ea023
01cf2023
00000f97
018f8f93
305f9073
000300e7
0000400b
0040006f
00100313
00001297
f5428293
0062a023
02810113
fc112c23
02052283
fc512e23
01c52283
fe512a23
01852283
fe512823
00c52283
fe512423
00852283
fe512223
00452283
fe512023
00052283
fe512623
01452283
fe512c23
01052283
fe512e23
5e004057
5e4000ef
ff812383
ffc12283
025382b3
5e02c0d7
00000317
0d03305b
0c00d45b
0040006f
5e0041d7
5e03c157
8603e0d7
02104257
961132d7
fe012283
0252c357
0003237b
ae012257
96613157
fe812283
0222c157
0001217b
fe412303
025342d7
0002a2fb
02510157
a22232d7
a241b357
2643b3d7
9621b457
a22134d7
2691b4d7
0000300b
268c3457
2a8383d7
ff012283
a662e2d7
9653b2d7
96713357
2a5302d7
96013057
fec12283
0202c057
0000207b
2a5482d7
965132d7
ff412283
0252c2d7
0002e07b
00000317
0203305b
00419c5b
0040006f
96213057
fdc12283
0202c057
0010607b
0000205b
fd812083
fd810113
00008067
03810113
00420213
0010200b
5e024057
fc112423
03052283
fe512a23
02c52283
fc512e23
02852283
fe512023
01c52283
fe512823
01852283
fe512623
01452283
fe512423
01052283
fc512623
00c52283
fc512823
00852283
fc512a23
00452283
fe512223
00052283
fc512c23
02452283
fe512c23
02052283
fe512e23
5e004057
3f8000ef
0080200b
fe002e2b
5e004057
370000ef
0080200b
7fc021ab
ff812483
ffc12283
025482b3
5e02c0d7
00000317
19c3305b
1830da5b
0040006f
5e04c0d7
ff012383
027482b3
8634e657
02c04157
ae30a157
0232c0d7
962131d7
fe812283
0232c157
0001217b
fec12283
0232c1d7
0001a1fb
5e004257
024042d7
02404357
024043d7
02404457
024044d7
02404557
024045d7
00000317
0a83305b
0a21d05b
0040006f
02c3c257
96413257
fcc12283
0242c2d7
fd012283
0242c357
0003237b
0002a2fb
a2623357
fd412283
0242c257
0002227b
fdc12283
a652e257
fe012283
5e02c2d7
a622e357
9664b357
960233d7
02638357
fd812283
0262c357
02643657
a622a257
9644b257
02438257
fe412283
0242c257
024436d7
5e004257
024042d7
02404357
024043d7
02404457
024044d7
02404557
024045d7
0400006f
0000205b
9612b0d7
02100057
9602b057
ff412283
0202c057
00b06e7b
00a06c7b
00906a7b
0080687b
0070667b
0060647b
0050627b
0040607b
0540006f
0086170b
0007277b
0046190b
000927fb
0006287b
004628fb
0086990b
0009297b
00469b0b
000b29fb
0006aa7b
0046aafb
0727120a
0220b157
2006060b
2006868b
00000317
f843305b
fa21ccdb
f79ff06f
0000205b
fc812083
fc810113
ffc20213
0010200b
5e024057
00008067
01810113
00420213
0010200b
5e024057
fe112423
01052283
fe512c23
00c52283
fe512a23
00452283
fe512823
00052283
fe512623
00852283
fe512e23
5e004057
1d4000ef
0080200b
fe002e2b
5e004057
14c000ef
0080200b
7fc0212b
ffc12283
5e02c0d7
00000317
11c3305b
1020da5b
0040006f
ff012283
0222c4d7
5e0040d7
ff412283
02504263
02104157
021041d7
02104257
021042d7
02104357
021043d7
02104457
0480006f
9692e0d7
961530d7
9602b157
021100d7
fec12303
02134557
5e0040d7
02104157
021041d7
02104257
021042d7
02104357
021043d7
02104457
5e02c5d7
5e004a57
0400006f
0000205b
9692b4d7
02900057
9602b057
ff812283
0202c057
00806e7b
00706c7b
00606a7b
0050687b
0040667b
0030647b
0020627b
0010607b
05c0006f
01c529fb
0185297b
014528fb
0105287b
00c527fb
0085277b
004526fb
0005267b
02899457
027913d7
02689357
025812d7
02479257
023711d7
02269157
021610d7
0015958b
4005050b
00000317
f7c3305b
f6ba0adb
fadff06f
0000205b
fe812083
fe810113
ffc20213
0010200b
5e024057
00008067
00410113
fe112e23
020040d7
00200293
5e02c057
00000317
0543305b
0410045b
0040006f
00100293
5e02c057
00000317
03c3305b
0210045b
0040006f
5e004157
5e004057
00000317
0243305b
00111e5b
0040006f
138000ef
0100006f
160000ef
0080006f
1b0000ef
0000205b
ffc12083
ffc10113
00008067
00410113
fe112e23
020040d7
00200293
5e02c057
00000317
0543305b
0410045b
0040006f
00100293
5e02c057
00000317
03c3305b
0210045b
0040006f
5e004157
5e004057
00000317
0243305b
00111e5b
0040006f
09c000ef
0100006f
0a0000ef
0080006f
0a4000ef
0000205b
ffc12083
ffc10113
00008067
00410113
fe112e23
020040d7
00200293
5e02c057
00000317
0543305b
0410045b
0040006f
00100293
5e02c057
00000317
03c3305b
0210045b
0040006f
5e004157
5e004057
00000317
0243305b
00111e5b
0040006f
124000ef
0100006f
150000ef
0080006f
178000ef
0000205b
ffc12083
ffc10113
00008067
80802573
5e054057
00008067
80902573
5e054057
00008067
80a02573
5e054057
00008067
00410113
fe112e23
80302573
00852283
80002373
5208a157
02234057
01852e03
8a0e6057
ffc12083
ffc10113
00008067
00410113
fe112e23
80302573
00852283
80002373
5208a157
02234057
01852e03
01c52e83
03ce8f33
8a0f6057
820e6057
5e0ec0d7
00000317
0143305b
0000c65b
fff00f13
021f4057
0000205b
ffc12083
ffc10113
00008067
00410113
fe112e23
80302573
80002373
5208a157
02234057
01852e03
01c52e83
02052f03
03ce8eb3
820ee057
5e0f40d7
00000317
0143305b
0000c65b
fff00f13
021f4057
0000205b
ffc12083
ffc10113
00008067
00410113
fe112e23
f1dff0ef
80302573
80802373
01852e03
02452e83
03c30fb3
01df8fb3
020fc057
ffc12083
ffc10113
00008067
00410113
fe112e23
f19ff0ef
80902373
01c52383
02852e83
02730e33
01de0e33
020e4057
ffc12083
ffc10113
00008067
00410113
fe112e23
f41ff0ef
80302573
80a02373
02052383
02c52e03
026383b3
01c383b3
0203c057
ffc12083
ffc10113
00008067
00000000
00000000
00000000
00000000
00000000
00000000
00000000
00000000
00000000
00000000
00000000
00000000
00000000
00000000
00000000
00000000
00000000
00000000
00000000
00000000
00000000
00000000
00000000
00000000
00000000
00000000
00000000
00000000
00000000
00000000
00000000
00000000
00000000
00000000
00000000
00000000
00000000
00000000
00000000
00000000
00000000
00000000
00000000
00000000
00000000
00000000
00000000
00000000
00000000
00000000
00000000
00000000
00000000
00000000
00000000
00000000
00000000
00000000
00000000
00000000
00000000
00000000
00000000
00000000
00000000
00000000
00000000
00000000
00000000
00000000
00000000
00000000
00000000
00000000
00000000
00000000
00000000
00000000
00000000
00000000
00000000
00000000
00000000
00000000
00000000
00000000
00000000
00000000
00000000
00000000
00000000
00000000
00000000
00000000
00000000
00000000
00000000
00000000
00000000
00000000
00000000
00000000
00000000
00000000
00000000
00000000
00000000
00000000
00000000
00000000
00000000
00000000
00000000
00000000
00000000
00000000
00000000
00000000
00000000
00000000
00000000
00000000
00000000
00000000
00000000
00000000
00000000
00000000
00000000
00000000
00000000
00000000
00000000
00000000
00000000
00000000
00000000
00000000
00000000
00000000
00000000
00000000
00000000
00000000
00000000
00000000
00000000
00000000
00000000
00000000
00000000
00000000
00000000
00000000
00000000
00000000
00000000
00000000
00000000
00000000
00000000
00000000
00000000
00000000
00000000
00000000
00000000
00000000
00000000
00000000
00000000
00000000
00000000
00000000
00000000
00000000
00000000
00000000
00000000
00000000
00000000
00000000
00000000
00000000
00000000
00000000
00000000
00000000
00000000
00000000
00000000
00000000
00000000
00000000
00000000
00000000
00000000
00000000
00000000
00000000
00000000
00000000
00000000
00000000
00000000
00000000
00000000
00000000
00000000
00000000
00000000
00000000
00000000
00000000
00000000
00000000
00000000
00000000
00000000
00000000
00000000
00000000
00000000
00000000
00000000
00000000
00000000
00000000
00000000
00000000
00000000
00000000
00000000
00000000
00000000
00000000
00000000
00000000
00000000
00000000
00000000
00000000
00000000
00000000
00000000
00000000
00000000
00000000
00000000
00000000
00000000
00000000
00000000
00000000
00000000
00000000
00000000
00000000
00000000
00000000
00000000
00000000
00000000
00000000
00000000
00000000
00000000
00000000
00000000
00000000
00000000
00000000
00000000
00000000
00000000
00000000
00000000
00000000
00000000
00000000
00000000
00000000
00000000
00000000
00000000
00000000
00000000
00000000
00000000
00000000
00000000
00000000
00000000
00000000
00000000
00000000
00000000
00000000
00000000
00000000
00000000
00000000
00000000
00000000
00000000
00000000
00000000
00000000
00000000
00000000
00000000
00000000
00000000
00000000
00000000
00000000
00000000
00000000
00000000
00000000
00000000
00000000
00000000
00000000
00000000
00000000
00000000
00000000
00000000
00000000
00000000
00000000
00000000
00000000
00000000
00000000
00000000
00000000
00000000
00000000
00000000
00000000
00000000
00000000
00000000
00000000
00000000
00000000
00000000
00000000
00000000
00000000
00000000
00000000
00000000
00000000
00000000
00000000
00000000
00000000
00000000
00000000
00000000
00000000
00000000
00000000
00000000
00000000
00000000
00000000
00000000
00000000
00000000
00000000
00000000
00000000
00000000
00000000
00000000
00000000
00000000
00000000
00000000
00000000
00000000
00000000
00000000
00000000
00000000
00000000
00000000
00000000
00000000
00000000
00000000
00000000
00000000
00000000
00000000
00000000
00000000
00000000
00000000
00000000
00000000
00000000
00000000
00000000
00000000
00000000
00000000
00000000
00000000
00000000
00000000
00000000
00000000
00000000
00000000
00000000
00000000
00000000
00000000
00000000
00000000
00000000
00000000
00000000
00000000
00000000
00000000
00000000
00000000
00000000
00000000
00000000
00000000
00000000
00000000
00000000
00000000
00000000
00000000
00000000
00000000
00000000
00000000
00000000
00000000
00000000
00000000
00000000
00000000
00000000
00000000
00000000
00000000
00000000
00000000
00000000
00000000
00000000
00000000
00000000
00000000
00000000
00000000
00000000
00000000
00000000
00000000
00000000
00000000
00000000
00000000
00000000
00000000
00000000
00000000
00000000
00000000
00000000
00000000
00000000
00000000
00000000
00000000
00000000
00000000
00000000
00000000
00000000
00000000
00000000
00000000
00000000
00000000
00000000
00000000
00000000
00000000
00000000
00000000
00000000
00000000
00000000
00000000
00000000
00000000
00000000
00000000
00000000
00000000
00000000
00000000
00000000
00000000
00000000
00000000
00000000
00000000
00000000
00000000
00000000
00000000
00000000
00000000
00000000
00000000
00000000
00000000
00000000
00000000
00000000
00000000
00000000
00000000
00000000
00000000
00000000
00000000
00000000
00000000
00000000
00000000
00000000
00000000
00000000
00000000
00000000
00000000
00000000
00000000
00000000
00000000
00000000
00000000
00000000
00000000
00000000
00000000
00000000
00000000
00000000
00000000
00000000
00000000
00000000
00000000
00000000
00000000
00000000
00000000
00000000
00000000
00000000
00000000
00000000
00000000
00000000
00000000
00000000
00000000
00000000
00000000
00000000
00000000
00000000
00000000
00000000
00000000
00000000
00000000
00000000
00000000
00000000
00000000
00000000
00000000
00000000
00000000
00000000
00000000
00000000
00000000
00000000
00000000
00000000
00000000
00000000
00000000
00000000
00000000
00000000
00000000
00000000
00000000
00000000
00000000
00000000
00000000
00000000
00000000
00000000
00000000
00000000
00000000
00000000
00000000
00000000
00000000
00000000
00000000
00000000
00000000
00000000
00000000
00000000
00000000
00000000
00000000
00000000
00000000
00000000
00000000
00000000
00000000
00000000
00000000
00000000
00000000
00000000
00000000
00000000
00000000
00000000
00000000
00000000
00000000
00000000
00000000
00000000
00000000
00000000
00000000
00000000
00000000
00000000
00000000
00000000
00000000
00000000
00000000
00000000
00000000
00000000
00000000
00000000
00000000
00000000
00000000
00000000
00000000
00000000
00000000
00000000
00000000
00000000
00000000
00000000
00000000
00000000
00000000
00000000
00000000
00000000
00000000
00000000
00000000
00000000
00000000
00000000
00000000
00000000
00000000
00000000
00000000
00000000
00000000
00000000
00000000
00000000
00000000
00000000
00000000
00000000
00000000
00000000
00000000
00000000
00000000
00000000
00000000
00000000
00000000
00000000
00000000
00000000
00000000
00000000
00000000
00000000
00000000
00000000
00000000
00000000
00000000
00000000
00000000
00000000
00000000
00000000
00000000
00000000
00000000
00000000
00000000
00000000
00000000
00000000
00000000
00000000
00000000
00000000
00000000
00000000
00000000
00000000
00000000
00000000
00000000
00000000
00000000
00000000
00000000
00000000
00000000
00000000
00000000
00000000
00000000
00000000
00000000
00000000
00000000
00000000
00000000
00000000
00000000
00000000
00000000
00000000
00000000
00000000
00000000
00000000
00000000
00000000
00000000
00000000
00000000
00000000
00000000
00000000
00000000
00000000
00000000
00000000
00000000
00000000
00000000
00000000
00000000
00000000
00000000
00000000
00000000
00000000
00000000
00000000
00000000
00000000
00000000
00000000
00000000
00000000
00000000
00000000
00000000
00000000
00000000
00000000
00000000
00000000
00000000
00000000
00000000
00000000
00000000
00000000
00000000
00000000
00000000
00000000
00000000
00000000
00000000
00000000
00000000
00000000
00000000
00000000
00000000
00000000
00000000
00000000
00000000
00000000
00000000
00000000
00000000
00000000
00000000
00000000
00000000
00000000
00000000
00000000
00000000
00000000
00000000
00000000
00000000
00000000
00000000
00000000
00000000
00000000
00000000
00000000
00000000
00000000
00000000
00000000
00000000
00000000
00000000
00000000
00000000
00000000
00000000
00000000
00000000
00000000
00000000
00000000
00000000
00000000
00000000
00000000
00000000
00000000
00000000
00000000
00000000
00000000
00000000
00000000
00000000
00000000
00000000
00000000
00000000
00000000
00000000
00000000
00000000
00000000
00000000
00000000
00000000
00000000
00000000
00000000
00000000
00000000
00000000
00000000
00000000
00000000
00000000
00000000
00000000
00000000
00000000
00000000
00000000
00000000
00000000
00000000
00000000
00000000
00000000
00000000
00000000
00000000
00000000
00000000
00000000
00000000
00000000
00000000
00000000
00000000
00000000
00000000
00000000
00000000
00000000
00000000
00000000
00000000
00000000
00000000
00000000
00000000
00000000
00000000
00000000
00000000
00000000
00000000
00000000
00000000
00000000
00000000
00000000
00000000
00000000
00000000
00000000
00000000
00000000
00000000
00000000
00000000
00000000
00000000
00000000
00000000
00000000
00000000
00000000
00000000
00000000
00000000
00000000
00000000
00000000
00000000
00000000
00000000
00000000
00000000
00000000
00000000
00000000
00000000
00000000
00000000
00000000
00000000
00000000
00000000
00000000
00000000
00000000
00000000
00000000
00000000
00000000
00000000
00000000
00000000
00000000
00000000
00000000
00000000
00000000
00000000
00000000
00000000
00000000
00000000
00000010
00000000
00527a01
01017c01
00040c1b
00000000
00000000
00000000
800000b8
90006000
00000001
00000100
00000001
00000001
00000020
00000001
00000001
00000000
00000000
00000000
00000000
00000000
00000000
00000000
